[logo6.jpg]
filters=tilt=1,-0.438757,0.000000;tilt=1,-0.130469,0.000000;
moddate=83a19de2d596cf01
width=169
height=179
textactive=0
[summer3.jpg]
filters=fill=1,0.252336;fill=1,0.327103;
moddate=29870ea8b6a2cf01
width=500
height=375
textactive=0
